035585111315
035585111216
035585111117
035585111018
035585111414
035585131313
035585131214
035585131115
035585111605
035585111148
035585111124
035585111025
035585111421
035585013206
035585034010
035585034003
035585034171
035585181226
035585181127
035585181141
035585181134
611932100111
035585131283
611932100128
035585800028
035585454252
035585402017
035585159058
035585775241
035585131313pi
035585131214pi
035585131283pi
035585125008
035585034188
035585780108
035585780702
035585356006
035585454252ma
035585454252gr
035585159096
035585131313ce
035585131214ce
035585131115ce
035585131283ce
035585131115pi
035585129082
035585129150
035585800868
035585800868aa
035585800868bb
035585775265
035585447001
035585032108
035585032108ro
035585032108ve
035585034096
035585034096ce
035585034096ro
035585034096na
035585034096vi
035585117003
4000498032206
4000498032213
4000498032220
4000498022801
4000498032305
4000498032312
4000498032329
4000498014202
4000498014219
4000498014226
4000498013205
4000498013229
4000498013236
4000498021705
4000498021712
4000498023808
4000498015520
4000498002551
4000498023709
4000498022610
035585034089
035585034089ce
035585034089ro
035585034089na
035585034089vi
4000498022405
4000498022412
4000498022429
4000498022436
4000498023105
4000498023112
4000498023129
4000498023136
4000498022504
4000498022511
4000498022528
4000498022535
4000498023211
4000498023235
035585800028vi
035585800028az
035585800028ro
035585454252be
035585032108az
035585032108vi
4000498023228
035585111551
035585111490
035585111438
035585129174
4000498023204
4000498022702
4000498022603
4000498022627
4000498022634
035585800868cc
035585800868dd
035585454269
035585454269be
035585454269gr
035585454269ma
035585402000
035585402062
035585775159
035585775555
035585416007
035585775197
035585774978
035585032092
035585032092ro
035585032092vi
035585032085
035585032085az
035585032085ve
035585476155
035585031170
748960954000
748960134235
748960134235ro
748960149642
748960149642ro
748960622794
748960622794ro
748960110819
748960110819ro
9345719019372
9345719046699
9345719046712
9345719019358
9345719046675
9345719019389
9345719046705
9345719046729
9345719019365
9345719046682
035585159041
035585159010
035585159003
035585775227
035585775234
035585775258
035585775272
035585775180
035585775203
035585775210
035585775173
035585775579
035585034034
035585034041
035585447018
035585402024
035585402031
035585402048
035585402055
035585402079
035585172071
035585172118
035585447049
748960980160
748960980160ro
035585032092az
035585032092ve
035585504063
035585504063ro
035585504063ve
035585504070
035585504070ro
035585504070ve
035585250014
035585250007
035585131207
035585131207ce
035585131207pi
035585131191
035585131191ce
035585131191pi
035585141312
035585141213
035585141114
035585485331
035585485324
035585485348
035585509396
035585509402
035585509365
035585509372
035585363066
035585363172
035585363165
035585404028
035585459486
810381033593
810381035498
810381035504
810381033586
810381033579
810381033548
810381039939
810381033616
810381033562
810381033555
810381033609
810381033692
810381035450
810381035467
810381035474
810381033623
854111004460
854111004477
854111004484
854111004132
854111004071
854111004286
854111004156
854111004125
854111004309
854111004033
854111004002
854111004088
854111004057
854111004040
854111004101
854111004729
854111004736
854111004491
854111004507
748960682637
748960397302
748960808129
748960355463
748960160852
748960556495
748960555993
748960056322
748960494308
748960665340
748960660192
748960659080
748960710590
748960117269
748960781118
748960075484
748960740337
748960616892
748960795139
748960026721
748960645977
748960572143
748960527266
748960427443
748960576554
748960214159
748960296933
035585032085ro
035585032085vi
035585523088
035585523095